total number of data = 40
ave_Eu_all      :   -138.75319157
ave_Eu_all_Bond :    837.78184764
ave_Eu_all_LJ   :   -110.30485448
ave_Eu_all_cou  :   -866.23018474
